14
17
18
19
20
21
24
25
28
29
32
33
34
35
36
37
38
39
40
41
43
46
47
48
49
50
51
52
53
54
55
56
57
60
61
62
63
64
65
66
67
68
69
70
71
76
77
78
79
80
81
82
83
84
85
86
87
90
91
92
93
94
95
96
97
98
99
100
101
104
106
107
108
120
121
122
123
124
125
126
127
128
129
131
132
139
140
141
142
143
145
146
147
148
150
151
152
153
154
155
156
157
158
159
160
161
166
167
169
170
172
173
175
176
177
179
181
182
183
184
185
186
188
189
190
192
193
194
195
198
214
216
219
1667
1704
1744
1745
1746
1747
1748
1749
1750
1751
1852
1855
1869
1871
1874
2036
2039
2053
2055
2058
2200
2202
2216
2218
2221
2363
2365
2366
2367
2368
2369
2370
2374
2381
2384
2387
2388
2402
2411
2420
2466
2467
2476
2485
2531
2532
2541
2550
2595
2596
2597
2606
2615
2660
2661
2662
2671
2680
2721
2727
2728
2730
2731
2733
2734
2737
2738
2739
2741
2742
2743
2745
2747
2748
2749
2750
2752
2753
2754
2756
2757
2758
2759
2763
2764
2766
2768
2769
2786
2788
2791
3806
3812
3813
3814
3815
3816
3818
3820
3821
3822
3823
3825
3826
3829
3830
3831
3832
3834
3835
3836
3837
3838
3840
3841
3842
3844
3845
3846
3847
3849
3850
3852
3854
3856
3858
3860
3862
3877
3879
3882
3944
3945
3946
3947
3948
3949
3950
3951
3981
3982
3983
3984
3985
3986
3987
3988
4016
4017
4018
4019
4020
4021
4022
4023
4053
4054
4055
4056
4057
4058
4059
4060
4088
4089
4090
4091
4092
4093
4094
4095
4123
4124
4125
4126
4127
4128
4129
4130
4158
4159
4160
4161
4162
4163
4164
4165
4193
4194
4195
4196
4197
4198
4199
4200
4228
4229
4230
4231
4232
4233
4234
4235
4265
4266
4267
4268
4269
4270
4271
4272
4300
4301
4302
4303
4304
4305
4306
4307
4335
4336
4337
4338
4339
4340
4341
4342
4370
4371
4372
4373
4374
4375
4376
4377
4405
4406
4407
4408
4409
4410
4411
4412
4440
4441
4442
4443
4444
4445
4446
4447
4477
4478
4479
4480
4481
4482
4483
4484
4512
4513
4514
4515
4516
4517
4518
4519
4547
4548
4549
4550
4551
4552
4553
4554
4582
4583
4584
4585
4586
4587
4588
4589
4617
4618
4619
4620
4621
4622
4623
4624
4652
4653
4654
4655
4656
4657
4658
4659
4689
4690
4691
4692
4693
4694
4695
4696
4724
4725
4726
4727
4728
4729
4730
4731
4759
4760
4761
4762
4763
4764
4765
4766
4794
4795
4796
4797
4798
4799
4800
4801
4829
4830
4831
4832
4833
4834
4835
4836
4864
4865
4866
4867
4868
4869
4870
4871
4901
4902
4903
4904
4905
4906
4907
4908
4936
4937
4938
4939
4940
4941
4942
4943
4971
4972
4973
4974
4975
4976
4977
4978
5006
5007
5008
5009
5010
5011
5012
5013
5043
5044
5045
5046
5047
5048
5049
5050
5078
5079
5080
5081
5082
5083
5084
5085
5113
5114
5115
5116
5117
5118
5119
5120
5148
5149
5150
5151
5152
5153
5154
5155
5185
5186
5187
5188
5189
5190
5191
5192
5220
5221
5222
5223
5224
5225
5226
5227
5255
5256
5257
5258
5259
5260
5261
5262
5290
5291
5292
5293
5294
5295
5296
5297
5327
5328
5329
5330
5331
5332
5333
5334
5362
5363
5364
5365
5366
5367
5368
5369
5397
5398
5399
5400
5401
5402
5403
5404
5432
5433
5434
5435
5436
5437
5438
5439
5467
5468
5469
5470
5471
5472
5473
5474
5475
5476
5506
5507
5508
5509
5510
5511
5512
5513
5547
5548
5576
5577
5578
5579
5580
5581
5582
5583
5584
5585
5611
5612
5613
5614
5615
5616
5617
5618
5619
5620
5646
5647
5648
5649
5650
5651
5652
5653
5654
5655
5681
5682
5683
5684
5685
5686
5687
5688
5689
5690
5718
5719
5720
5721
5722
5723
5724
5725
5726
5727
5753
5754
5755
5756
5757
5758
5759
5760
5761
5762
5788
5789
5790
5791
5792
5793
5794
5795
5796
5797
5823
5824
5825
5826
5827
5828
5829
5830
5831
5832
5860
5861
5862
5863
5864
5865
5866
5867
5868
5869
5895
5896
5897
5898
5899
5900
5901
5902
5903
5904
5930
5931
5932
5933
5934
5935
5936
5937
5938
5939
5965
5966
5967
5968
5969
5970
5971
5972
5973
5974
6002
6003
6004
6005
6006
6007
6008
6009
6010
6011
6037
6038
6039
6040
6041
6042
6043
6044
6045
6046
6072
6073
6074
6075
6076
6077
6078
6079
6080
6081
6107
6108
6109
6110
6111
6112
6113
6114
6115
6116
6142
6143
6144
6145
6146
6147
6148
6149
6150
6151
6152
6153
6179
6180
6181
6182
6183
6184
6185
6186
6187
6188
6189
6190
6214
6215
6216
6217
6218
6219
6220
6221
6222
6223
6224
6225
6249
6250
6251
6252
6253
6254
6255
6256
6257
6258
6259
6260
6284
6285
6286
6287
6288
6289
6290
6291
6292
6293
6294
6295
6321
6322
6323
6324
6325
6326
6327
6328
6329
6330
6331
6332
6356
6357
6358
6359
6360
6361
6362
6363
6364
6365
6366
6367
6391
6392
6393
6394
6395
6396
6397
6398
6399
6400
6401
6402
6426
6427
6428
6429
6430
6431
6432
6433
6434
6435
6436
6437
6463
6464
6465
6466
6467
6468
6469
6470
6471
6472
6473
6474
6498
6499
6500
6501
6502
6503
6504
6505
6506
6507
6508
6509
6533
6534
6535
6536
6537
6538
6539
6540
6541
6542
6543
6544
6568
6569
6570
6571
6572
6573
6574
6575
6576
6577
6578
6579
6605
6606
6607
6608
6609
6610
6611
6612
6613
6614
6615
6616
6640
6641
6642
6643
6644
6645
6646
6647
6648
6649
6650
6651
6675
6676
6677
6678
6679
6680
6681
6682
6683
6684
6685
6686
6710
6711
6712
6713
6714
6715
6716
6717
6718
6719
6720
6721
6745
6746
6747
6748
6749
6750
6751
6752
6753
6754
6755
6756
6757
6758
6780
6781
6782
6783
6784
6785
6786
6787
6788
6789
6790
6791
6792
6793
6794
6795
6817
6818
6819
6820
6821
6822
6823
6824
6825
6826
6827
6828
6829
6830
6831
6832
6852
6853
6854
6855
6856
6857
6858
6859
6860
6861
6862
6863
6864
6865
6866
6867
6889
6890
6891
6892
6893
6894
6895
6896
6897
6898
6899
6900
6901
6902
6903
6904
6924
6925
6926
6927
6928
6929
6930
6931
6932
6933
6934
6935
6936
6937
6938
6939
6961
6962
6963
6964
6965
6966
6967
6968
6969
6970
6971
6972
6973
6974
6975
6976
6996
6997
6998
6999
7000
7001
7002
7003
7004
7005
7006
7007
7008
7009
7010
7011
7033
7034
7035
7036
7037
7038
7039
7040
7041
7042
7043
7044
7045
7046
7047
7048
7068
7069
7070
7071
7072
7073
7074
7075
7076
7077
7078
7079
7080
7081
7082
7083
7105
7106
7107
7108
7109
7110
7111
7112
7113
7114
7115
7116
7117
7118
7119
7120
7140
7141
7142
7143
7144
7145
7146
7147
7148
7149
7150
7151
7152
7153
7154
7155
7175
7176
7177
7178
7179
7180
7181
7182
7183
7184
7185
7186
7187
7188
7189
7190
7210
7211
7212
7213
7214
7215
7216
7217
7218
7219
7220
7221
7222
7223
7224
7225
7243
7244
7245
7246
7247
7248
7249
7250
7251
7252
7253
7254
7255
7256
7257
7258
7259
7260
7261
7262
7278
7279
7280
7281
7282
7283
7284
7285
7286
7287
7288
7289
7290
7291
7292
7293
7294
7295
7296
7297
7315
7316
7317
7318
7319
7320
7321
7322
7323
7324
7325
7326
7327
7328
7329
7330
7331
7332
7333
7334
7350
7351
7352
7353
7354
7355
7356
7357
7358
7359
7360
7361
7362
7363
7364
7365
7366
7367
7368
7369
7387
7388
7389
7390
7391
7392
7393
7394
7395
7396
7397
7398
7399
7400
7401
7402
7403
7404
7405
7406
7422
7423
7424
7425
7426
7427
7428
7429
7430
7431
7432
7433
7434
7435
7436
7437
7438
7439
7440
7441
7459
7460
7461
7462
7463
7464
7465
7466
7467
7468
7469
7470
7471
7472
7473
7474
7475
7476
7477
7478
7494
7495
7496
7497
7498
7499
7500
7501
7502
7503
7504
7505
7506
7507
7508
7509
7510
7511
7512
7513
7527
7528
7529
7530
7531
7532
7533
7534
7535
7536
7537
7538
7539
7540
7541
7542
7543
7544
7545
7546
7547
7548
7549
7550
7564
7565
7566
7567
7568
7569
7570
7571
7572
7573
7574
7575
7576
7577
7578
7579
7580
7581
7582
7583
7584
7585
7586
7587
7601
7602
7603
7604
7605
7606
7607
7608
7609
7610
7611
7612
7613
7614
7615
7616
7617
7618
7619
7620
7621
7622
7623
7624
7636
7637
7638
7639
7640
7641
7642
7643
7644
7645
7646
7647
7648
7649
7650
7651
7652
7653
7654
7655
7656
7657
7658
7659
7673
7674
7675
7676
7677
7678
7679
7680
7681
7682
7683
7684
7685
7686
7687
7688
7689
7690
7691
7692
7693
7694
7695
7696
7708
7709
7710
7711
7712
7713
7714
7715
7716
7717
7718
7719
7720
7721
7722
7723
7724
7725
7726
7727
7728
7729
7730
7731
7745
7746
7747
7748
7749
7750
7751
7752
7753
7754
7755
7756
7757
7758
7759
7760
7761
7762
7763
7764
7765
7766
7767
7768
7780
7781
7782
7783
7784
7785
7786
7787
7788
7789
7790
7791
7792
7793
7794
7795
7796
7797
7798
7799
7800
7801
7802
7803
7817
7818
7819
7820
7821
7822
7823
7824
7825
7826
7827
7828
7829
7830
7831
7832
7833
7834
7835
7836
7837
7838
7839
7840
7852
7853
7854
7855
7856
7857
7858
7859
7860
7861
7862
7863
7864
7865
7866
7867
7868
7869
7870
7871
7872
7873
7874
7875
7889
7890
7891
7892
7893
7894
7895
7896
7897
7898
7899
7900
7901
7902
7903
7904
7905
7906
7907
7908
7909
7910
7911
7912
7924
7925
7926
7927
7928
7929
7930
7931
7932
7933
7934
7935
7936
7937
7938
7939
7940
7941
7942
7943
7944
7945
7946
7947
7955
7956
7957
7958
7959
7960
7961
7962
7963
7964
7965
7966
7967
7968
7969
7970
7971
7972
7973
7974
7975
7976
7977
7978
7979
7980
7981
7982
7983
7984
7992
7993
7994
7995
7996
7997
7998
7999
8000
8001
8002
8003
8004
8005
8006
8007
8008
8009
8010
8011
8012
8013
8014
8015
8016
8017
8018
8019
8020
8021
8027
8028
8029
8030
8031
8032
8033
8034
8035
8036
8037
8038
8039
8040
8041
8042
8043
8044
8045
8046
8047
8048
8049
8050
8051
8052
8053
8054
8055
8056
8062
8063
8064
8065
8066
8067
8068
8069
8070
8071
8072
8073
8074
8075
8076
8077
8078
8079
8080
8081
8082
8083
8084
8085
8086
8087
8088
8089
8090
8091
8092
8093
8097
8100
8114
8116
8119
8161
8162
8163
8164
8165
8166
8167
8168
8169
8170
8171
8172
8173
8174
8175
8176
8177
8178
8179
8180
8181
8182
8183
8184
8185
8186
8187
8188
8189
8190
8191
8192
8193
8194
8195
8196
8200
8201
8202
8203
8204
8205
8206
8207
8208
8209
8210
8211
8212
8213
8214
8215
8216
8217
8218
8219
8220
8221
8222
8223
8224
8225
8226
8227
8228
8229
8230
8231
8232
8233
8234
8235
8241
8242
8243
8244
8245
8246
8247
8248
8249
8250
8251
8252
8253
8254
8255
8256
8257
8258
8259
8260
8261
8262
8263
8264
8265
8266
8267
8268
8269
8270
8271
8272
8273
8274
8275
8276
8280
8283
8297
8299
8302
8391
8392
8393
8394
8395
8396
8397
8398
8399
8400
8401
8402
8403
8404
8405
8406
8410
8411
8412
8413
8414
8415
8416
8417
8418
8419
8420
8421
8422
8423
8424
8425
8426
8427
8428
8429
8430
8431
8432
8433
8434
8435
8436
8437
8438
8439
8440
8441
8463
8464
8465
8466
8467
8468
8469
8470
8471
8472
8473
8474
8475
8476
8477
8478
8482
8483
8484
8485
8486
8487
8488
8489
8490
8491
8492
8493
8494
8495
8496
8497
8498
8499
8500
8501
8502
8503
8504
8505
8506
8507
8508
8509
8510
8511
8512
8513
8533
8534
8535
8536
8537
8538
8539
8540
8541
8542
8543
8544
8545
8546
8547
8548
8552
8553
8554
8555
8556
8557
8558
8559
8560
8561
8562
8563
8564
8565
8566
8567
8568
8569
8570
8571
8572
8573
8574
8575
8576
8577
8578
8579
8580
8581
8582
8583
8587
8592
8593
8594
8595
8597
8598
8599
8601
8602
8603
8605
8606
8607
8609
8611
8612
8613
8614
8616
8617
8618
8620
8635
8637
8640
8678
8679
8680
8681
8682
8683
8684
8685
8686
8687
8688
8689
8690
8691
8692
8693
8694
8695
8696
8697
8698
8699
8700
8701
8702
8703
8704
8705
8706
8707
8708
8709
8712
8718
8719
8720
8722
8724
8726
8727
8729
8738
8739
8744
8745
8746
8754
8755
8757
8758
8767
8768
8773
8774
8780
8782
8789
8790
8795
8796
8797
8798
8803
8804
8805
8806
8808
8809
8817
8819
8822
8868
8869
8870
8871
8872
8873
8874
8875
8895
8896
8897
8898
8899
8900
8901
8902
8903
8904
8922
8923
8924
8925
8926
8927
8928
8929
8930
8931
8932
8933
8949
8950
8951
8952
8953
8954
8955
8956
8957
8958
8959
8960
8961
8962
8976
8977
8978
8979
8980
8981
8982
8983
8984
8985
8986
8987
8988
8989
8990
8991
9001
9002
9003
9004
9005
9006
9007
9008
9009
9010
9011
9012
9013
9014
9015
9016
9017
9018
9019
9020
9026
9027
9028
9029
9030
9031
9032
9033
9034
9035
9036
9037
9038
9039
9040
9041
9042
9043
9044
9045
9046
9047
9048
9049